-1.400 -1.400 -1.300 -1.000 -0.900 -0.900 -0.800 -0.800 -0.800 -0.800 -0.700 -0.700 -0.700 -0.700 -0.600 -0.500 -0.500 -0.400 -0.300 -0.300 -0.200 -0.200 -0.200 -0.100
-1.403 -1.425 -1.296 -0.999 -0.883 -0.914 -0.778 -0.794 -0.800 -0.806 -0.681 -0.674 -0.700 -0.716 -0.592 -0.504 -0.506 -0.371 -0.307 -0.288 -0.208 -0.203 -0.200 -0.113
-1.406 -1.449 -1.293 -1.000 -0.865 -0.934 -0.753 -0.794 -0.800 -0.813 -0.666 -0.655 -0.700 -0.747 -0.585 -0.511 -0.512 -0.339 -0.313 -0.281 -0.216 -0.207 -0.205 -0.122
-1.409 -1.470 -1.291 -1.009 -0.846 -0.963 -0.725 -0.802 -0.793 -0.820 -0.652 -0.641 -0.698 -0.773 -0.580 -0.522 -0.516 -0.317 -0.320 -0.277 -0.223 -0.210 -0.215 -0.128
-1.414 -1.489 -1.289 -1.024 -0.823 -0.993 -0.698 -0.803 -0.786 -0.828 -0.639 -0.630 -0.700 -0.794 -0.577 -0.535 -0.520 -0.305 -0.323 -0.276 -0.231 -0.214 -0.227 -0.131
-1.418 -1.505 -1.288 -1.040 -0.798 -1.016 -0.678 -0.803 -0.782 -0.836 -0.626 -0.621 -0.738 -0.814 -0.574 -0.551 -0.523 -0.296 -0.326 -0.276 -0.239 -0.217 -0.238 -0.133
-1.421 -1.519 -1.286 -1.054 -0.770 -1.034 -0.661 -0.803 -0.779 -0.844 -0.614 -0.614 -0.768 -0.834 -0.571 -0.569 -0.527 -0.292 -0.328 -0.278 -0.247 -0.221 -0.250 -0.132
-1.421 -1.531 -1.285 -1.068 -0.742 -1.050 -0.646 -0.803 -0.778 -0.852 -0.603 -0.608 -0.793 -0.855 -0.570 -0.589 -0.531 -0.290 -0.330 -0.280 -0.255 -0.225 -0.262 -0.129
-1.419 -1.542 -1.283 -1.080 -0.714 -1.064 -0.632 -0.803 -0.780 -0.860 -0.593 -0.603 -0.814 -0.880 -0.568 -0.613 -0.535 -0.290 -0.332 -0.283 -0.263 -0.231 -0.272 -0.124
-1.413 -1.553 -1.280 -1.090 -0.688 -1.075 -0.619 -0.803 -0.781 -0.867 -0.584 -0.599 -0.834 -0.907 -0.567 -0.638 -0.539 -0.290 -0.334 -0.286 -0.271 -0.238 -0.279 -0.117
-1.400 -1.561 -1.274 -1.096 -0.664 -1.083 -0.608 -0.803 -0.778 -0.870 -0.576 -0.594 -0.851 -0.931 -0.566 -0.661 -0.543 -0.291 -0.335 -0.288 -0.276 -0.246 -0.284 -0.111
-1.386 -1.565 -1.266 -1.099 -0.644 -1.086 -0.598 -0.803 -0.770 -0.871 -0.568 -0.589 -0.866 -0.950 -0.565 -0.682 -0.546 -0.291 -0.336 -0.289 -0.281 -0.256 -0.287 -0.104
-1.372 -1.565 -1.257 -1.100 -0.625 -1.089 -0.589 -0.803 -0.761 -0.869 -0.561 -0.584 -0.877 -0.966 -0.564 -0.702 -0.551 -0.292 -0.340 -0.290 -0.285 -0.270 -0.290 -0.098
-1.354 -1.562 -1.248 -1.099 -0.608 -1.092 -0.580 -0.803 -0.749 -0.867 -0.552 -0.579 -0.884 -0.981 -0.563 -0.721 -0.557 -0.292 -0.345 -0.291 -0.288 -0.286 -0.293 -0.091
-1.336 -1.554 -1.236 -1.096 -0.593 -1.094 -0.572 -0.803 -0.737 -0.863 -0.541 -0.575 -0.889 -0.994 -0.562 -0.739 -0.563 -0.293 -0.351 -0.292 -0.290 -0.302 -0.297 -0.085
-1.316 -1.542 -1.221 -1.092 -0.577 -1.094 -0.563 -0.803 -0.725 -0.857 -0.531 -0.572 -0.893 -1.007 -0.561 -0.756 -0.568 -0.293 -0.356 -0.293 -0.291 -0.317 -0.306 -0.079
-1.295 -1.525 -1.204 -1.087 -0.561 -1.089 -0.555 -0.803 -0.713 -0.850 -0.519 -0.569 -0.898 -1.015 -0.560 -0.773 -0.573 -0.294 -0.361 -0.293 -0.292 -0.331 -0.321 -0.074
-1.273 -1.502 -1.186 -1.081 -0.545 -1.079 -0.545 -0.803 -0.696 -0.841 -0.504 -0.565 -0.902 -1.019 -0.559 -0.788 -0.575 -0.294 -0.364 -0.293 -0.294 -0.340 -0.340 -0.070
-1.252 -1.478 -1.170 -1.075 -0.525 -1.069 -0.533 -0.803 -0.675 -0.830 -0.484 -0.560 -0.902 -1.016 -0.555 -0.801 -0.573 -0.293 -0.364 -0.293 -0.294 -0.347 -0.362 -0.068
-1.232 -1.454 -1.153 -1.065 -0.502 -1.059 -0.520 -0.803 -0.652 -0.817 -0.461 -0.554 -0.899 -1.012 -0.549 -0.811 -0.568 -0.293 -0.361 -0.293 -0.290 -0.352 -0.376 -0.067
-1.212 -1.431 -1.136 -1.052 -0.476 -1.050 -0.507 -0.791 -0.627 -0.800 -0.437 -0.546 -0.894 -1.007 -0.543 -0.819 -0.560 -0.292 -0.354 -0.292 -0.285 -0.355 -0.381 -0.067
-1.192 -1.409 -1.117 -1.038 -0.451 -1.040 -0.493 -0.750 -0.602 -0.782 -0.415 -0.538 -0.886 -1.002 -0.535 -0.824 -0.543 -0.291 -0.344 -0.291 -0.280 -0.357 -0.374 -0.067
-1.171 -1.390 -1.098 -1.025 -0.424 -1.028 -0.479 -0.710 -0.576 -0.765 -0.392 -0.529 -0.878 -0.998 -0.527 -0.827 -0.521 -0.290 -0.334 -0.290 -0.272 -0.358 -0.364 -0.068
-1.150 -1.371 -1.075 -1.015 -0.399 -1.014 -0.466 -0.670 -0.550 -0.746 -0.374 -0.520 -0.870 -0.991 -0.518 -0.828 -0.495 -0.288 -0.328 -0.288 -0.262 -0.357 -0.351 -0.075
-1.130 -1.352 -1.044 -1.006 -0.373 -1.000 -0.454 -0.628 -0.527 -0.727 -0.358 -0.510 -0.865 -0.981 -0.509 -0.825 -0.466 -0.287 -0.320 -0.287 -0.249 -0.356 -0.333 -0.084
-1.110 -1.331 -1.006 -0.997 -0.343 -0.989 -0.442 -0.587 -0.506 -0.708 -0.347 -0.501 -0.860 -0.971 -0.500 -0.819 -0.439 -0.286 -0.308 -0.286 -0.236 -0.353 -0.315 -0.095
-1.083 -1.308 -0.962 -0.986 -0.321 -0.981 -0.430 -0.547 -0.487 -0.691 -0.345 -0.492 -0.853 -0.961 -0.488 -0.813 -0.414 -0.284 -0.293 -0.284 -0.219 -0.347 -0.296 -0.108
-1.052 -1.289 -0.914 -0.974 -0.307 -0.973 -0.420 -0.510 -0.471 -0.674 -0.349 -0.480 -0.846 -0.955 -0.466 -0.808 -0.389 -0.282 -0.277 -0.282 -0.199 -0.339 -0.279 -0.119
-1.017 -1.272 -0.861 -0.963 -0.297 -0.967 -0.412 -0.477 -0.454 -0.657 -0.340 -0.454 -0.839 -0.950 -0.436 -0.803 -0.363 -0.281 -0.257 -0.276 -0.181 -0.330 -0.262 -0.126
-0.975 -1.257 -0.811 -0.956 -0.290 -0.963 -0.404 -0.444 -0.436 -0.642 -0.317 -0.426 -0.834 -0.945 -0.410 -0.799 -0.339 -0.279 -0.235 -0.264 -0.167 -0.321 -0.246 -0.123
-0.931 -1.242 -0.766 -0.950 -0.284 -0.960 -0.396 -0.418 -0.415 -0.627 -0.294 -0.400 -0.831 -0.941 -0.384 -0.797 -0.318 -0.267 -0.203 -0.252 -0.156 -0.310 -0.228 -0.126
-0.887 -1.228 -0.726 -0.946 -0.276 -0.958 -0.388 -0.396 -0.391 -0.612 -0.272 -0.374 -0.827 -0.939 -0.358 -0.795 -0.297 -0.253 -0.180 -0.238 -0.147 -0.299 -0.208 -0.138
-0.842 -1.215 -0.688 -0.942 -0.259 -0.959 -0.380 -0.376 -0.363 -0.596 -0.250 -0.346 -0.825 -0.939 -0.331 -0.794 -0.276 -0.237 -0.161 -0.219 -0.143 -0.285 -0.187 -0.146
-0.803 -1.204 -0.654 -0.939 -0.244 -0.959 -0.377 -0.355 -0.336 -0.580 -0.229 -0.321 -0.825 -0.940 -0.309 -0.794 -0.254 -0.220 -0.143 -0.200 -0.147 -0.265 -0.166 -0.144
-0.772 -1.193 -0.628 -0.935 -0.231 -0.955 -0.375 -0.339 -0.315 -0.566 -0.212 -0.300 -0.824 -0.939 -0.288 -0.795 -0.235 -0.204 -0.139 -0.183 -0.157 -0.243 -0.148 -0.136
-0.746 -1.181 -0.615 -0.932 -0.218 -0.951 -0.373 -0.322 -0.297 -0.556 -0.196 -0.281 -0.823 -0.936 -0.269 -0.798 -0.220 -0.190 -0.140 -0.167 -0.165 -0.215 -0.133 -0.128
-0.722 -1.170 -0.604 -0.928 -0.206 -0.947 -0.371 -0.307 -0.280 -0.550 -0.182 -0.263 -0.820 -0.930 -0.251 -0.802 -0.206 -0.176 -0.146 -0.152 -0.173 -0.188 -0.117 -0.120
-0.699 -1.158 -0.590 -0.923 -0.194 -0.944 -0.370 -0.291 -0.264 -0.547 -0.168 -0.247 -0.817 -0.925 -0.234 -0.808 -0.189 -0.163 -0.152 -0.139 -0.177 -0.171 -0.102 -0.115
-0.675 -1.143 -0.577 -0.915 -0.181 -0.944 -0.371 -0.278 -0.247 -0.545 -0.153 -0.232 -0.817 -0.921 -0.220 -0.818 -0.175 -0.149 -0.153 -0.127 -0.173 -0.152 -0.088 -0.111
-0.661 -1.124 -0.566 -0.907 -0.167 -0.946 -0.378 -0.267 -0.233 -0.543 -0.141 -0.220 -0.819 -0.919 -0.209 -0.832 -0.164 -0.138 -0.145 -0.117 -0.146 -0.133 -0.076 -0.105
-0.658 -1.104 -0.555 -0.902 -0.156 -0.951 -0.379 -0.260 -0.222 -0.542 -0.132 -0.213 -0.822 -0.921 -0.201 -0.849 -0.158 -0.128 -0.130 -0.106 -0.147 -0.116 -0.066 -0.098
-0.665 -1.085 -0.546 -0.899 -0.148 -0.957 -0.378 -0.252 -0.214 -0.548 -0.122 -0.205 -0.827 -0.926 -0.192 -0.866 -0.153 -0.119 -0.137 -0.097 -0.163 -0.103 -0.056 -0.094
-0.664 -1.070 -0.538 -0.900 -0.142 -0.966 -0.376 -0.241 -0.206 -0.558 -0.111 -0.197 -0.832 -0.933 -0.183 -0.883 -0.149 -0.114 -0.157 -0.090 -0.182 -0.107 -0.047 -0.090
-0.661 -1.059 -0.533 -0.903 -0.139 -0.976 -0.373 -0.230 -0.197 -0.567 -0.103 -0.190 -0.839 -0.941 -0.178 -0.901 -0.144 -0.109 -0.179 -0.084 -0.194 -0.110 -0.041 -0.088
-0.658 -1.051 -0.529 -0.909 -0.137 -0.987 -0.370 -0.222 -0.188 -0.577 -0.097 -0.188 -0.847 -0.952 -0.175 -0.918 -0.139 -0.106 -0.189 -0.078 -0.199 -0.116 -0.038 -0.089
-0.656 -1.045 -0.526 -0.917 -0.136 -0.998 -0.369 -0.216 -0.181 -0.587 -0.093 -0.187 -0.857 -0.964 -0.175 -0.936 -0.134 -0.101 -0.195 -0.073 -0.205 -0.119 -0.035 -0.091
-0.652 -1.041 -0.524 -0.929 -0.134 -1.011 -0.366 -0.209 -0.176 -0.596 -0.091 -0.187 -0.869 -0.977 -0.173 -0.953 -0.129 -0.097 -0.201 -0.068 -0.212 -0.118 -0.032 -0.093
-0.650 -1.039 -0.522 -0.943 -0.131 -1.026 -0.361 -0.199 -0.171 -0.605 -0.087 -0.184 -0.885 -0.991 -0.170 -0.970 -0.123 -0.093 -0.209 -0.064 -0.215 -0.113 -0.030 -0.093
-0.650 -1.040 -0.521 -0.958 -0.129 -1.043 -0.354 -0.188 -0.165 -0.615 -0.084 -0.182 -0.904 -1.008 -0.168 -0.984 -0.118 -0.092 -0.213 -0.063 -0.217 -0.111 -0.027 -0.092
-0.650 -1.042 -0.518 -0.974 -0.130 -1.059 -0.344 -0.178 -0.158 -0.628 -0.083 -0.178 -0.922 -1.025 -0.164 -0.996 -0.112 -0.094 -0.215 -0.063 -0.219 -0.116 -0.026 -0.091
-0.649 -1.046 -0.512 -0.987 -0.132 -1.073 -0.333 -0.170 -0.151 -0.641 -0.082 -0.171 -0.936 -1.041 -0.157 -1.007 -0.107 -0.094 -0.217 -0.061 -0.221 -0.133 -0.023 -0.091
-0.647 -1.049 -0.504 -0.999 -0.133 -1.084 -0.321 -0.165 -0.144 -0.652 -0.079 -0.162 -0.948 -1.055 -0.149 -1.016 -0.103 -0.093 -0.219 -0.059 -0.223 -0.147 -0.020 -0.093
-0.643 -1.054 -0.495 -1.011 -0.131 -1.095 -0.309 -0.161 -0.137 -0.660 -0.074 -0.154 -0.959 -1.067 -0.142 -1.024 -0.102 -0.090 -0.220 -0.056 -0.225 -0.168 -0.018 -0.095
-0.640 -1.060 -0.488 -1.023 -0.128 -1.105 -0.298 -0.157 -0.132 -0.664 -0.070 -0.149 -0.968 -1.077 -0.138 -1.030 -0.100 -0.085 -0.221 -0.051 -0.228 -0.177 -0.016 -0.096
-0.637 -1.066 -0.482 -1.034 -0.121 -1.113 -0.288 -0.151 -0.127 -0.663 -0.065 -0.146 -0.977 -1.087 -0.135 -1.034 -0.096 -0.079 -0.223 -0.044 -0.229 -0.178 -0.013 -0.093
-0.632 -1.073 -0.475 -1.045 -0.112 -1.121 -0.282 -0.143 -0.121 -0.660 -0.063 -0.146 -0.985 -1.096 -0.136 -1.037 -0.088 -0.071 -0.222 -0.036 -0.227 -0.177 -0.007 -0.088
-0.627 -1.080 -0.468 -1.054 -0.102 -1.129 -0.276 -0.133 -0.112 -0.654 -0.061 -0.147 -0.993 -1.103 -0.137 -1.040 -0.076 -0.063 -0.219 -0.029 -0.224 -0.172 0.004 -0.078
-0.620 -1.088 -0.458 -1.063 -0.094 -1.138 -0.272 -0.122 -0.101 -0.650 -0.061 -0.146 -1.001 -1.111 -0.136 -1.041 -0.062 -0.057 -0.215 -0.024 -0.223 -0.172 0.017 -0.069
-0.613 -1.095 -0.446 -1.072 -0.090 -1.148 -0.268 -0.112 -0.091 -0.647 -0.059 -0.142 -1.009 -1.118 -0.131 -1.041 -0.048 -0.054 -0.214 -0.021 -0.228 -0.175 0.031 -0.064
-0.606 -1.101 -0.433 -1.079 -0.087 -1.159 -0.267 -0.102 -0.082 -0.643 -0.055 -0.135 -1.018 -1.128 -0.123 -1.040 -0.036 -0.051 -0.219 -0.018 -0.238 -0.177 0.044 -0.061
-0.598 -1.108 -0.420 -1.086 -0.083 -1.172 -0.267 -0.093 -0.073 -0.638 -0.048 -0.125 -1.027 -1.139 -0.113 -1.035 -0.026 -0.046 -0.230 -0.013 -0.251 -0.178 0.056 -0.058
-0.590 -1.116 -0.408 -1.095 -0.078 -1.186 -0.267 -0.083 -0.064 -0.630 -0.036 -0.114 -1.037 -1.152 -0.101 -1.031 -0.016 -0.040 -0.245 -0.006 -0.266 -0.177 0.068 -0.055
-0.581 -1.125 -0.396 -1.106 -0.071 -1.200 -0.267 -0.074 -0.054 -0.620 -0.022 -0.105 -1.047 -1.167 -0.092 -1.028 -0.005 -0.031 -0.261 0.006 -0.282 -0.174 0.080 -0.048
-0.571 -1.135 -0.385 -1.119 -0.062 -1.213 -0.267 -0.066 -0.041 -0.609 -0.007 -0.098 -1.059 -1.183 -0.084 -1.026 0.006 -0.019 -0.279 0.021 -0.299 -0.169 0.094 -0.039
-0.563 -1.145 -0.376 -1.136 -0.052 -1.223 -0.265 -0.057 -0.027 -0.600 0.006 -0.089 -1.076 -1.198 -0.075 -1.024 0.018 -0.003 -0.298 0.039 -0.314 -0.166 0.111 -0.027
-0.554 -1.155 -0.368 -1.153 -0.040 -1.233 -0.265 -0.048 -0.012 -0.594 0.017 -0.081 -1.094 -1.211 -0.067 -1.022 0.030 0.012 -0.316 0.053 -0.322 -0.166 0.129 -0.014
-0.546 -1.166 -0.361 -1.169 -0.030 -1.244 -0.269 -0.037 0.002 -0.592 0.026 -0.073 -1.111 -1.222 -0.060 -1.021 0.042 0.023 -0.327 0.064 -0.328 -0.171 0.145 -0.003
-0.540 -1.177 -0.354 -1.183 -0.023 -1.255 -0.276 -0.026 0.014 -0.593 0.035 -0.067 -1.126 -1.232 -0.053 -1.020 0.053 0.031 -0.335 0.072 -0.335 -0.180 0.160 0.005
-0.537 -1.189 -0.347 -1.195 -0.019 -1.266 -0.288 -0.015 0.024 -0.597 0.044 -0.060 -1.139 -1.243 -0.047 -1.020 0.064 0.036 -0.345 0.079 -0.345 -0.191 0.172 0.009
-0.536 -1.200 -0.340 -1.206 -0.019 -1.276 -0.303 -0.004 0.034 -0.602 0.053 -0.053 -1.152 -1.253 -0.039 -1.019 0.074 0.040 -0.357 0.085 -0.357 -0.206 0.182 0.012
-0.538 -1.210 -0.335 -1.216 -0.020 -1.285 -0.318 0.006 0.043 -0.609 0.062 -0.045 -1.163 -1.262 -0.031 -1.019 0.084 0.043 -0.372 0.093 -0.369 -0.223 0.191 0.012
-0.542 -1.219 -0.329 -1.226 -0.021 -1.294 -0.335 0.015 0.054 -0.616 0.069 -0.036 -1.175 -1.271 -0.022 -1.018 0.094 0.046 -0.387 0.100 -0.379 -0.240 0.201 0.010
-0.546 -1.228 -0.322 -1.236 -0.020 -1.303 -0.354 0.024 0.067 -0.627 0.074 -0.028 -1.185 -1.280 -0.015 -1.018 0.103 0.051 -0.399 0.106 -0.389 -0.258 0.211 0.008
-0.553 -1.236 -0.317 -1.245 -0.020 -1.312 -0.369 0.031 0.079 -0.641 0.077 -0.023 -1.196 -1.289 -0.010 -1.018 0.111 0.054 -0.410 0.110 -0.400 -0.280 0.219 0.006
-0.562 -1.246 -0.315 -1.255 -0.022 -1.322 -0.381 0.034 0.088 -0.658 0.078 -0.021 -1.208 -1.299 -0.008 -1.018 0.116 0.053 -0.420 0.110 -0.409 -0.301 0.225 0.003
-0.573 -1.257 -0.318 -1.267 -0.025 -1.333 -0.386 0.034 0.094 -0.676 0.075 -0.024 -1.219 -1.311 -0.011 -1.018 0.117 0.050 -0.431 0.108 -0.417 -0.312 0.229 -0.003
-0.586 -1.269 -0.325 -1.279 -0.031 -1.345 -0.390 0.031 0.098 -0.696 0.070 -0.031 -1.232 -1.324 -0.017 -1.017 0.114 0.043 -0.441 0.102 -0.428 -0.315 0.232 -0.010
-0.601 -1.281 -0.337 -1.294 -0.042 -1.358 -0.392 0.024 0.099 -0.715 0.061 -0.042 -1.246 -1.338 -0.028 -1.017 0.108 0.032 -0.450 0.093 -0.444 -0.317 0.233 -0.020
-0.617 -1.295 -0.352 -1.310 -0.058 -1.372 -0.393 0.014 0.097 -0.732 0.047 -0.057 -1.262 -1.353 -0.043 -1.017 0.099 0.017 -0.462 0.081 -0.460 -0.314 0.234 -0.034
-0.632 -1.310 -0.371 -1.327 -0.080 -1.387 -0.393 -0.000 0.093 -0.749 0.029 -0.076 -1.280 -1.369 -0.062 -1.017 0.087 -0.002 -0.476 0.064 -0.476 -0.307 0.233 -0.054
-0.648 -1.327 -0.395 -1.346 -0.105 -1.404 -0.393 -0.018 0.085 -0.764 0.006 -0.098 -1.299 -1.385 -0.085 -1.017 0.070 -0.027 -0.490 0.043 -0.489 -0.298 0.230 -0.080
-0.665 -1.345 -0.420 -1.365 -0.130 -1.422 -0.392 -0.039 0.074 -0.779 -0.020 -0.124 -1.319 -1.403 -0.110 -1.017 0.051 -0.054 -0.502 0.018 -0.506 -0.293 0.225 -0.108
-0.681 -1.363 -0.442 -1.384 -0.156 -1.438 -0.390 -0.060 0.059 -0.796 -0.046 -0.148 -1.338 -1.421 -0.134 -1.017 0.030 -0.079 -0.516 -0.007 -0.527 -0.292 0.214 -0.133
-0.695 -1.382 -0.460 -1.402 -0.182 -1.454 -0.389 -0.082 0.041 -0.813 -0.070 -0.171 -1.357 -1.437 -0.157 -1.017 0.008 -0.104 -0.534 -0.033 -0.547 -0.294 0.199 -0.159
-0.707 -1.400 -0.475 -1.420 -0.208 -1.468 -0.388 -0.104 0.021 -0.829 -0.095 -0.194 -1.375 -1.453 -0.180 -1.017 -0.016 -0.128 -0.554 -0.058 -0.567 -0.297 0.179 -0.185
-0.717 -1.418 -0.487 -1.436 -0.235 -1.481 -0.386 -0.126 -0.001 -0.845 -0.120 -0.216 -1.393 -1.466 -0.201 -1.017 -0.042 -0.152 -0.573 -0.082 -0.585 -0.303 0.155 -0.211
-0.726 -1.436 -0.497 -1.451 -0.261 -1.493 -0.386 -0.148 -0.024 -0.861 -0.144 -0.237 -1.410 -1.479 -0.222 -1.017 -0.068 -0.177 -0.590 -0.106 -0.601 -0.307 0.129 -0.237
-0.735 -1.452 -0.506 -1.464 -0.285 -1.504 -0.388 -0.168 -0.048 -0.878 -0.167 -0.257 -1.426 -1.490 -0.242 -1.017 -0.094 -0.202 -0.604 -0.130 -0.616 -0.313 0.101 -0.263
-0.744 -1.466 -0.513 -1.475 -0.308 -1.513 -0.390 -0.186 -0.070 -0.897 -0.189 -0.275 -1.440 -1.500 -0.261 -1.017 -0.119 -0.225 -0.617 -0.154 -0.630 -0.322 0.069 -0.287
-0.750 -1.478 -0.518 -1.485 -0.328 -1.521 -0.389 -0.202 -0.089 -0.914 -0.209 -0.290 -1.452 -1.508 -0.277 -1.017 -0.140 -0.246 -0.629 -0.177 -0.644 -0.332 0.039 -0.309
-0.755 -1.486 -0.522 -1.492 -0.345 -1.528 -0.386 -0.213 -0.103 -0.931 -0.225 -0.301 -1.462 -1.515 -0.289 -1.017 -0.156 -0.264 -0.642 -0.195 -0.659 -0.342 0.014 -0.327
-0.758 -1.493 -0.524 -1.498 -0.358 -1.532 -0.384 -0.221 -0.112 -0.946 -0.238 -0.311 -1.469 -1.520 -0.299 -1.017 -0.167 -0.279 -0.655 -0.210 -0.674 -0.354 -0.005 -0.342
-0.760 -1.497 -0.525 -1.501 -0.371 -1.535 -0.384 -0.227 -0.118 -0.958 -0.248 -0.320 -1.474 -1.523 -0.308 -1.017 -0.175 -0.292 -0.669 -0.221 -0.688 -0.369 -0.018 -0.356
-0.762 -1.500 -0.525 -1.503 -0.383 -1.536 -0.384 -0.232 -0.121 -0.968 -0.257 -0.328 -1.477 -1.525 -0.316 -1.017 -0.178 -0.303 -0.682 -0.229 -0.700 -0.387 -0.027 -0.368
-0.765 -1.501 -0.524 -1.503 -0.396 -1.533 -0.383 -0.236 -0.121 -0.977 -0.263 -0.336 -1.477 -1.523 -0.324 -1.017 -0.179 -0.312 -0.694 -0.235 -0.711 -0.404 -0.032 -0.381
-0.769 -1.500 -0.521 -1.502 -0.409 -1.529 -0.383 -0.240 -0.120 -0.983 -0.270 -0.342 -1.474 -1.519 -0.331 -1.017 -0.177 -0.321 -0.701 -0.239 -0.721 -0.419 -0.033 -0.395
-0.772 -1.497 -0.515 -1.497 -0.421 -1.523 -0.383 -0.244 -0.115 -0.989 -0.278 -0.346 -1.469 -1.513 -0.337 -1.017 -0.173 -0.332 -0.707 -0.242 -0.729 -0.431 -0.029 -0.409
-0.774 -1.493 -0.507 -1.490 -0.429 -1.515 -0.383 -0.245 -0.109 -0.992 -0.285 -0.347 -1.461 -1.506 -0.338 -1.017 -0.167 -0.342 -0.711 -0.244 -0.736 -0.440 -0.021 -0.420
-0.773 -1.488 -0.497 -1.482 -0.431 -1.507 -0.383 -0.242 -0.099 -0.993 -0.287 -0.345 -1.453 -1.498 -0.336 -1.017 -0.158 -0.347 -0.715 -0.245 -0.742 -0.448 -0.010 -0.426
-0.770 -1.482 -0.485 -1.474 -0.431 -1.498 -0.383 -0.234 -0.087 -0.991 -0.285 -0.340 -1.445 -1.489 -0.331 -1.017 -0.145 -0.348 -0.717 -0.242 -0.746 -0.453 0.005 -0.427
