-90.800 -89.600 -90.400 -89.500 -90.800 -89.300 -90.800 -90.200 -90.100 -89.300 -90.800 -90.200 -89.400 -89.300 -90.200 -91.600 -90.200 -90.600 -91.100 -90.600 -91.100 -91.000 -90.700 -91.200
-90.756 -89.567 -90.400 -89.435 -90.795 -89.278 -90.800 -90.174 -90.085 -89.300 -90.805 -90.200 -89.379 -89.237 -90.200 -91.600 -90.194 -90.599 -91.089 -90.600 -91.088 -90.982 -90.679 -91.200
-90.716 -89.527 -90.400 -89.383 -90.788 -89.250 -90.800 -90.153 -90.072 -89.300 -90.803 -90.200 -89.351 -89.232 -90.200 -91.600 -90.187 -90.599 -91.079 -90.600 -91.078 -90.965 -90.652 -91.200
-90.678 -89.485 -90.400 -89.343 -90.781 -89.217 -90.811 -90.137 -90.060 -89.300 -90.803 -90.200 -89.312 -89.229 -90.200 -91.597 -90.180 -90.599 -91.070 -90.599 -91.069 -90.951 -90.620 -91.200
-90.643 -89.445 -90.400 -89.305 -90.775 -89.182 -90.818 -90.125 -90.050 -89.299 -90.800 -90.200 -89.258 -89.222 -90.199 -91.591 -90.175 -90.599 -91.063 -90.599 -91.061 -90.938 -90.609 -91.200
-90.606 -89.408 -90.400 -89.266 -90.773 -89.146 -90.823 -90.118 -90.042 -89.299 -90.797 -90.200 -89.228 -89.211 -90.199 -91.586 -90.170 -90.599 -91.057 -90.598 -91.055 -90.929 -90.592 -91.200
-90.563 -89.374 -90.400 -89.230 -90.773 -89.111 -90.825 -90.116 -90.034 -89.299 -90.794 -90.200 -89.223 -89.189 -90.198 -91.587 -90.165 -90.599 -91.052 -90.596 -91.052 -90.923 -90.573 -91.201
-90.518 -89.342 -90.400 -89.197 -90.775 -89.078 -90.826 -90.118 -90.026 -89.297 -90.791 -90.200 -89.216 -89.163 -90.196 -91.588 -90.160 -90.599 -91.048 -90.592 -91.049 -90.918 -90.558 -91.201
-90.471 -89.314 -90.400 -89.166 -90.783 -89.042 -90.827 -90.121 -90.019 -89.294 -90.788 -90.200 -89.207 -89.134 -90.195 -91.588 -90.154 -90.599 -91.044 -90.585 -91.046 -90.915 -90.539 -91.201
-90.425 -89.288 -90.399 -89.137 -90.787 -89.003 -90.828 -90.125 -90.010 -89.291 -90.786 -90.200 -89.190 -89.104 -90.193 -91.588 -90.148 -90.599 -91.041 -90.584 -91.045 -90.912 -90.519 -91.201
-90.375 -89.262 -90.397 -89.108 -90.788 -88.964 -90.827 -90.127 -90.000 -89.286 -90.783 -90.200 -89.168 -89.070 -90.191 -91.588 -90.143 -90.599 -91.038 -90.584 -91.044 -90.910 -90.497 -91.201
-90.339 -89.237 -90.395 -89.077 -90.787 -88.928 -90.825 -90.127 -89.989 -89.279 -90.778 -90.200 -89.143 -89.030 -90.190 -91.589 -90.138 -90.599 -91.034 -90.584 -91.043 -90.909 -90.473 -91.201
-90.315 -89.212 -90.392 -89.045 -90.783 -88.893 -90.822 -90.126 -89.977 -89.271 -90.773 -90.200 -89.119 -88.990 -90.188 -91.590 -90.134 -90.599 -91.031 -90.584 -91.042 -90.909 -90.446 -91.201
-90.296 -89.187 -90.383 -89.011 -90.778 -88.857 -90.818 -90.124 -89.964 -89.261 -90.766 -90.199 -89.094 -88.949 -90.187 -91.591 -90.132 -90.599 -91.027 -90.584 -91.040 -90.910 -90.415 -91.200
-90.284 -89.162 -90.363 -88.978 -90.771 -88.818 -90.813 -90.122 -89.947 -89.249 -90.756 -90.197 -89.063 -88.910 -90.185 -91.592 -90.130 -90.599 -91.024 -90.584 -91.038 -90.908 -90.380 -91.200
-90.274 -89.136 -90.347 -88.944 -90.763 -88.777 -90.808 -90.118 -89.929 -89.234 -90.742 -90.196 -89.027 -88.869 -90.184 -91.593 -90.129 -90.599 -91.020 -90.584 -91.036 -90.906 -90.342 -91.200
-90.267 -89.109 -90.326 -88.910 -90.753 -88.731 -90.801 -90.114 -89.906 -89.217 -90.724 -90.195 -88.988 -88.826 -90.184 -91.592 -90.127 -90.599 -91.015 -90.584 -91.034 -90.898 -90.303 -91.200
-90.258 -89.081 -90.303 -88.873 -90.741 -88.685 -90.794 -90.107 -89.876 -89.200 -90.699 -90.194 -88.947 -88.781 -90.183 -91.591 -90.125 -90.599 -91.011 -90.584 -91.034 -90.891 -90.266 -91.199
-90.246 -89.049 -90.275 -88.832 -90.725 -88.637 -90.787 -90.096 -89.843 -89.179 -90.670 -90.194 -88.907 -88.733 -90.183 -91.589 -90.121 -90.599 -91.011 -90.584 -91.036 -90.885 -90.231 -91.197
-90.232 -89.014 -90.247 -88.787 -90.706 -88.591 -90.781 -90.080 -89.808 -89.155 -90.635 -90.194 -88.865 -88.684 -90.184 -91.587 -90.114 -90.599 -91.014 -90.584 -91.040 -90.880 -90.199 -91.195
-90.217 -88.977 -90.216 -88.740 -90.683 -88.547 -90.776 -90.062 -89.769 -89.126 -90.591 -90.194 -88.820 -88.635 -90.184 -91.584 -90.102 -90.599 -91.019 -90.584 -91.046 -90.880 -90.165 -91.192
-90.200 -88.940 -90.183 -88.692 -90.654 -88.503 -90.774 -90.041 -89.729 -89.091 -90.553 -90.195 -88.772 -88.586 -90.185 -91.580 -90.083 -90.599 -91.027 -90.584 -91.054 -90.882 -90.125 -91.185
-90.181 -88.904 -90.147 -88.643 -90.613 -88.459 -90.774 -90.011 -89.683 -89.051 -90.517 -90.196 -88.720 -88.540 -90.186 -91.575 -90.052 -90.599 -91.037 -90.584 -91.065 -90.888 -90.082 -91.173
-90.160 -88.868 -90.106 -88.595 -90.593 -88.411 -90.778 -89.975 -89.632 -89.009 -90.477 -90.197 -88.668 -88.496 -90.187 -91.571 -90.014 -90.599 -91.048 -90.584 -91.076 -90.897 -90.037 -91.151
-90.134 -88.833 -90.049 -88.549 -90.585 -88.357 -90.785 -89.936 -89.580 -88.970 -90.431 -90.195 -88.619 -88.448 -90.184 -91.566 -89.970 -90.599 -91.061 -90.584 -91.088 -90.912 -89.991 -91.117
-90.102 -88.796 -89.990 -88.505 -90.585 -88.299 -90.794 -89.890 -89.528 -88.931 -90.378 -90.190 -88.568 -88.393 -90.177 -91.561 -89.921 -90.599 -91.075 -90.584 -91.103 -90.928 -89.942 -91.088
-90.057 -88.755 -89.939 -88.458 -90.585 -88.242 -90.803 -89.838 -89.474 -88.890 -90.327 -90.180 -88.514 -88.337 -90.165 -91.557 -89.867 -90.599 -91.089 -90.584 -91.122 -90.945 -89.890 -91.045
-90.003 -88.710 -89.890 -88.405 -90.585 -88.188 -90.813 -89.784 -89.419 -88.844 -90.277 -90.159 -88.460 -88.279 -90.132 -91.554 -89.808 -90.597 -91.104 -90.572 -91.141 -90.962 -89.834 -90.993
-89.954 -88.660 -89.842 -88.350 -90.585 -88.136 -90.823 -89.730 -89.364 -88.797 -90.224 -90.117 -88.406 -88.225 -90.082 -91.552 -89.747 -90.589 -91.115 -90.536 -91.154 -90.981 -89.776 -90.943
-89.914 -88.606 -89.789 -88.295 -90.585 -88.083 -90.833 -89.673 -89.309 -88.747 -90.170 -90.063 -88.350 -88.171 -90.028 -91.550 -89.690 -90.565 -91.136 -90.486 -91.157 -91.002 -89.718 -90.879
-89.876 -88.549 -89.729 -88.242 -90.585 -88.029 -90.844 -89.616 -89.254 -88.696 -90.111 -90.008 -88.293 -88.118 -89.972 -91.550 -89.635 -90.519 -91.159 -90.424 -91.160 -91.025 -89.662 -90.800
-89.832 -88.490 -89.662 -88.189 -90.551 -87.972 -90.855 -89.561 -89.200 -88.645 -90.051 -89.948 -88.234 -88.063 -89.909 -91.550 -89.581 -90.456 -91.171 -90.362 -91.154 -91.049 -89.604 -90.717
-89.780 -88.430 -89.590 -88.136 -90.490 -87.913 -90.867 -89.504 -89.145 -88.593 -89.989 -89.882 -88.174 -88.005 -89.844 -91.551 -89.527 -90.391 -91.173 -90.303 -91.124 -91.075 -89.544 -90.639
-89.724 -88.373 -89.514 -88.081 -90.421 -87.852 -90.876 -89.443 -89.087 -88.539 -89.926 -89.814 -88.112 -87.944 -89.777 -91.553 -89.471 -90.327 -91.164 -90.242 -91.077 -91.097 -89.482 -90.563
-89.671 -88.317 -89.440 -88.024 -90.351 -87.793 -90.884 -89.379 -89.028 -88.480 -89.859 -89.746 -88.052 -87.883 -89.712 -91.555 -89.410 -90.261 -91.143 -90.179 -91.050 -91.118 -89.421 -90.489
-89.624 -88.262 -89.367 -87.967 -90.280 -87.738 -90.891 -89.313 -88.970 -88.419 -89.790 -89.680 -87.993 -87.823 -89.648 -91.558 -89.347 -90.193 -91.114 -90.113 -91.029 -91.149 -89.358 -90.415
-89.569 -88.206 -89.296 -87.910 -90.208 -87.685 -90.896 -89.246 -88.912 -88.359 -89.719 -89.615 -87.935 -87.766 -89.584 -91.562 -89.280 -90.123 -91.069 -90.043 -91.000 -91.164 -89.295 -90.339
-89.509 -88.148 -89.227 -87.855 -90.133 -87.631 -90.900 -89.180 -88.853 -88.297 -89.648 -89.549 -87.877 -87.714 -89.518 -91.566 -89.213 -90.049 -91.023 -89.969 -90.963 -91.172 -89.231 -90.260
-89.442 -88.087 -89.156 -87.800 -90.053 -87.574 -90.902 -89.115 -88.795 -88.234 -89.579 -89.480 -87.818 -87.661 -89.450 -91.571 -89.148 -89.971 -90.988 -89.890 -90.920 -91.177 -89.168 -90.181
-89.357 -88.025 -89.081 -87.747 -89.971 -87.514 -90.902 -89.050 -88.737 -88.170 -89.511 -89.410 -87.762 -87.605 -89.380 -91.575 -89.084 -89.889 -90.934 -89.808 -90.867 -91.175 -89.105 -90.101
-89.270 -87.966 -89.004 -87.696 -89.887 -87.452 -90.900 -88.983 -88.676 -88.106 -89.443 -89.339 -87.709 -87.545 -89.309 -91.580 -89.017 -89.803 -90.853 -89.725 -90.778 -91.175 -89.044 -90.018
-89.186 -87.910 -88.927 -87.643 -89.801 -87.389 -90.897 -88.914 -88.612 -88.040 -89.375 -89.268 -87.656 -87.482 -89.238 -91.582 -88.948 -89.718 -90.765 -89.647 -90.694 -91.169 -88.985 -89.933
-89.102 -87.858 -88.852 -87.587 -89.716 -87.328 -90.897 -88.845 -88.546 -87.975 -89.308 -89.197 -87.601 -87.420 -89.168 -91.582 -88.877 -89.639 -90.687 -89.573 -90.616 -91.158 -88.923 -89.850
-89.022 -87.804 -88.776 -87.529 -89.637 -87.270 -90.898 -88.779 -88.480 -87.911 -89.239 -89.124 -87.545 -87.360 -89.098 -91.581 -88.807 -89.565 -90.611 -89.501 -90.546 -91.136 -88.859 -89.765
-88.944 -87.745 -88.700 -87.471 -89.561 -87.215 -90.901 -88.714 -88.413 -87.850 -89.169 -89.049 -87.489 -87.302 -89.026 -91.579 -88.738 -89.491 -90.543 -89.427 -90.473 -91.093 -88.791 -89.683
-88.866 -87.686 -88.625 -87.414 -89.485 -87.160 -90.906 -88.648 -88.346 -87.790 -89.097 -88.971 -87.433 -87.245 -88.951 -91.576 -88.669 -89.416 -90.474 -89.352 -90.401 -91.054 -88.725 -89.605
-88.787 -87.623 -88.549 -87.356 -89.409 -87.107 -90.913 -88.580 -88.279 -87.731 -89.024 -88.892 -87.377 -87.190 -88.874 -91.573 -88.600 -89.338 -90.405 -89.277 -90.331 -91.005 -88.660 -89.527
-88.709 -87.559 -88.473 -87.297 -89.332 -87.050 -90.922 -88.511 -88.214 -87.673 -88.949 -88.816 -87.319 -87.135 -88.798 -91.569 -88.529 -89.260 -90.340 -89.200 -90.266 -90.937 -88.594 -89.449
-88.628 -87.498 -88.396 -87.240 -89.252 -86.992 -90.932 -88.442 -88.149 -87.615 -88.872 -88.744 -87.261 -87.079 -88.726 -91.566 -88.460 -89.180 -90.279 -89.122 -90.203 -90.864 -88.528 -89.369
-88.547 -87.438 -88.322 -87.184 -89.172 -86.934 -90.944 -88.374 -88.084 -87.558 -88.795 -88.672 -87.202 -87.021 -88.655 -91.560 -88.392 -89.101 -90.219 -89.044 -90.139 -90.794 -88.464 -89.287
-88.469 -87.377 -88.251 -87.129 -89.093 -86.879 -90.956 -88.307 -88.020 -87.500 -88.725 -88.602 -87.146 -86.965 -88.585 -91.554 -88.327 -89.022 -90.156 -88.968 -90.068 -90.725 -88.402 -89.207
-88.395 -87.315 -88.180 -87.076 -89.014 -86.828 -90.969 -88.243 -87.958 -87.441 -88.656 -88.533 -87.092 -86.912 -88.516 -91.548 -88.263 -88.945 -90.087 -88.893 -89.993 -90.662 -88.340 -89.128
-88.323 -87.258 -88.111 -87.023 -88.935 -86.778 -90.981 -88.178 -87.895 -87.382 -88.589 -88.466 -87.038 -86.861 -88.450 -91.539 -88.200 -88.869 -90.013 -88.818 -89.916 -90.602 -88.280 -89.051
-88.251 -87.203 -88.044 -86.973 -88.856 -86.729 -90.991 -88.114 -87.832 -87.323 -88.525 -88.401 -86.985 -86.813 -88.386 -91.530 -88.137 -88.793 -89.936 -88.746 -89.837 -90.544 -88.221 -88.973
-88.181 -87.148 -87.979 -86.925 -88.780 -86.682 -91.002 -88.050 -87.772 -87.267 -88.464 -88.338 -86.933 -86.766 -88.323 -91.520 -88.073 -88.721 -89.857 -88.678 -89.757 -90.483 -88.164 -88.897
-88.109 -87.095 -87.916 -86.880 -88.707 -86.636 -91.012 -87.987 -87.716 -87.214 -88.404 -88.276 -86.885 -86.719 -88.261 -91.510 -88.010 -88.652 -89.779 -88.611 -89.681 -90.422 -88.106 -88.821
-88.040 -87.045 -87.856 -86.836 -88.638 -86.590 -91.020 -87.925 -87.662 -87.163 -88.345 -88.214 -86.838 -86.673 -88.199 -91.498 -87.948 -88.586 -89.703 -88.548 -89.609 -90.360 -88.047 -88.748
-87.971 -86.997 -87.797 -86.792 -88.572 -86.545 -91.028 -87.864 -87.608 -87.114 -88.286 -88.150 -86.790 -86.627 -88.135 -91.487 -87.888 -88.523 -89.632 -88.487 -89.537 -90.299 -87.988 -88.677
-87.905 -86.949 -87.738 -86.746 -88.507 -86.501 -91.035 -87.804 -87.555 -87.063 -88.224 -88.085 -86.741 -86.581 -88.070 -91.475 -87.829 -88.460 -89.559 -88.425 -89.460 -90.237 -87.929 -88.606
-87.841 -86.903 -87.678 -86.699 -88.439 -86.456 -91.040 -87.747 -87.503 -87.014 -88.161 -88.021 -86.692 -86.536 -88.006 -91.463 -87.773 -88.394 -89.482 -88.361 -89.385 -90.171 -87.872 -88.536
-87.779 -86.857 -87.617 -86.651 -88.369 -86.411 -91.042 -87.692 -87.454 -86.966 -88.098 -87.957 -86.642 -86.492 -87.943 -91.455 -87.719 -88.328 -89.406 -88.297 -89.311 -90.100 -87.816 -88.465
-87.718 -86.812 -87.558 -86.604 -88.301 -86.365 -91.042 -87.639 -87.407 -86.921 -88.036 -87.894 -86.595 -86.447 -87.880 -91.449 -87.666 -88.261 -89.331 -88.233 -89.239 -90.024 -87.762 -88.392
-87.656 -86.765 -87.500 -86.559 -88.232 -86.320 -91.040 -87.588 -87.361 -86.878 -87.976 -87.832 -86.549 -86.401 -87.819 -91.444 -87.616 -88.196 -89.259 -88.168 -89.167 -89.945 -87.710 -88.321
-87.591 -86.718 -87.442 -86.515 -88.165 -86.276 -91.035 -87.540 -87.319 -86.837 -87.917 -87.773 -86.505 -86.355 -87.760 -91.441 -87.567 -88.131 -89.188 -88.105 -89.097 -89.866 -87.661 -88.251
-87.528 -86.669 -87.386 -86.470 -88.099 -86.233 -91.027 -87.496 -87.279 -86.797 -87.859 -87.716 -86.461 -86.310 -87.705 -91.439 -87.523 -88.069 -89.119 -88.045 -89.025 -89.790 -87.612 -88.183
-87.465 -86.621 -87.333 -86.424 -88.036 -86.191 -91.018 -87.455 -87.239 -86.758 -87.802 -87.662 -86.415 -86.265 -87.652 -91.438 -87.480 -88.008 -89.049 -87.988 -88.953 -89.715 -87.566 -88.116
-87.403 -86.575 -87.282 -86.377 -87.973 -86.148 -91.008 -87.413 -87.199 -86.718 -87.748 -87.610 -86.367 -86.222 -87.601 -91.437 -87.439 -87.948 -88.976 -87.932 -88.882 -89.640 -87.520 -88.052
-87.343 -86.529 -87.232 -86.330 -87.909 -86.106 -90.996 -87.371 -87.160 -86.678 -87.695 -87.560 -86.320 -86.178 -87.551 -91.436 -87.398 -87.888 -88.907 -87.874 -88.812 -89.565 -87.475 -87.988
-87.285 -86.483 -87.181 -86.283 -87.845 -86.063 -90.982 -87.328 -87.122 -86.636 -87.643 -87.511 -86.274 -86.134 -87.503 -91.435 -87.357 -87.827 -88.837 -87.816 -88.742 -89.488 -87.431 -87.923
-87.228 -86.436 -87.130 -86.237 -87.783 -86.019 -90.966 -87.286 -87.085 -86.594 -87.593 -87.461 -86.227 -86.089 -87.454 -91.435 -87.317 -87.769 -88.768 -87.760 -88.669 -89.411 -87.387 -87.859
-87.170 -86.388 -87.079 -86.190 -87.723 -85.974 -90.950 -87.245 -87.050 -86.553 -87.544 -87.411 -86.180 -86.044 -87.405 -91.435 -87.277 -87.713 -88.698 -87.708 -88.594 -89.339 -87.343 -87.796
-87.113 -86.340 -87.030 -86.143 -87.666 -85.930 -90.930 -87.204 -87.016 -86.512 -87.494 -87.362 -86.133 -85.997 -87.355 -91.435 -87.238 -87.660 -88.625 -87.658 -88.518 -89.269 -87.299 -87.737
-87.055 -86.293 -86.984 -86.095 -87.610 -85.886 -90.909 -87.168 -86.983 -86.473 -87.443 -87.313 -86.085 -85.951 -87.308 -91.435 -87.201 -87.608 -88.552 -87.609 -88.441 -89.202 -87.257 -87.679
-87.000 -86.245 -86.940 -86.048 -87.554 -85.844 -90.887 -87.133 -86.951 -86.432 -87.393 -87.267 -86.038 -85.907 -87.264 -91.435 -87.167 -87.557 -88.478 -87.559 -88.367 -89.133 -87.218 -87.624
-86.947 -86.198 -86.900 -86.002 -87.499 -85.804 -90.868 -87.099 -86.919 -86.390 -87.346 -87.223 -85.994 -85.866 -87.222 -91.435 -87.134 -87.505 -88.405 -87.508 -88.292 -89.063 -87.180 -87.569
-86.893 -86.153 -86.861 -85.960 -87.443 -85.766 -90.851 -87.065 -86.889 -86.348 -87.303 -87.181 -85.952 -85.827 -87.182 -91.435 -87.102 -87.453 -88.334 -87.457 -88.217 -88.994 -87.144 -87.514
-86.839 -86.110 -86.821 -85.920 -87.390 -85.731 -90.839 -87.032 -86.860 -86.305 -87.262 -87.141 -85.912 -85.789 -87.144 -91.435 -87.069 -87.401 -88.263 -87.407 -88.144 -88.927 -87.109 -87.459
-86.784 -86.069 -86.781 -85.882 -87.339 -85.696 -90.828 -86.999 -86.833 -86.264 -87.224 -87.104 -85.874 -85.754 -87.106 -91.435 -87.037 -87.352 -88.191 -87.361 -88.073 -88.864 -87.076 -87.406
-86.730 -86.031 -86.741 -85.847 -87.289 -85.662 -90.819 -86.965 -86.808 -86.225 -87.187 -87.067 -85.837 -85.719 -87.069 -91.435 -87.004 -87.307 -88.119 -87.318 -88.001 -88.803 -87.043 -87.354
-86.676 -85.995 -86.699 -85.812 -87.241 -85.630 -90.811 -86.932 -86.784 -86.187 -87.150 -87.030 -85.802 -85.686 -87.033 -91.435 -86.971 -87.262 -88.048 -87.277 -87.930 -88.742 -87.013 -87.304
-86.623 -85.961 -86.658 -85.778 -87.194 -85.599 -90.803 -86.900 -86.762 -86.152 -87.114 -86.993 -85.767 -85.654 -86.996 -91.435 -86.939 -87.218 -87.979 -87.237 -87.858 -88.683 -86.984 -87.254
-86.570 -85.928 -86.616 -85.745 -87.148 -85.569 -90.796 -86.867 -86.741 -86.116 -87.078 -86.955 -85.733 -85.622 -86.958 -91.435 -86.907 -87.176 -87.910 -87.198 -87.789 -88.624 -86.957 -87.206
-86.519 -85.894 -86.573 -85.712 -87.104 -85.540 -90.785 -86.833 -86.719 -86.080 -87.041 -86.916 -85.699 -85.591 -86.919 -91.435 -86.876 -87.133 -87.840 -87.159 -87.723 -88.564 -86.931 -87.158
-86.467 -85.860 -86.529 -85.678 -87.059 -85.511 -90.770 -86.798 -86.697 -86.042 -87.003 -86.876 -85.666 -85.561 -86.880 -91.435 -86.845 -87.091 -87.773 -87.120 -87.656 -88.504 -86.906 -87.111
-86.415 -85.825 -86.484 -85.645 -87.013 -85.484 -90.752 -86.764 -86.673 -86.002 -86.964 -86.837 -85.633 -85.531 -86.841 -91.435 -86.816 -87.049 -87.708 -87.081 -87.588 -88.444 -86.881 -87.065
-86.364 -85.790 -86.438 -85.613 -86.967 -85.456 -90.733 -86.732 -86.650 -85.962 -86.925 -86.798 -85.600 -85.502 -86.802 -91.435 -86.785 -87.006 -87.643 -87.041 -87.521 -88.384 -86.857 -87.017
-86.315 -85.754 -86.391 -85.580 -86.921 -85.428 -90.713 -86.702 -86.627 -85.923 -86.885 -86.759 -85.568 -85.474 -86.764 -91.435 -86.754 -86.963 -87.578 -86.999 -87.456 -88.324 -86.831 -86.969
-86.267 -85.718 -86.344 -85.550 -86.873 -85.400 -90.695 -86.674 -86.605 -85.884 -86.844 -86.722 -85.537 -85.445 -86.728 -91.435 -86.725 -86.919 -87.515 -86.957 -87.393 -88.264 -86.805 -86.922
-86.221 -85.684 -86.299 -85.520 -86.825 -85.373 -90.679 -86.649 -86.585 -85.845 -86.805 -86.686 -85.505 -85.417 -86.692 -91.435 -86.698 -86.875 -87.454 -86.914 -87.332 -88.203 -86.779 -86.873
-86.175 -85.650 -86.254 -85.489 -86.776 -85.346 -90.666 -86.624 -86.565 -85.805 -86.767 -86.648 -85.475 -85.389 -86.657 -91.435 -86.672 -86.830 -87.396 -86.871 -87.272 -88.141 -86.753 -86.824
-86.129 -85.616 -86.210 -85.459 -86.727 -85.318 -90.655 -86.599 -86.544 -85.765 -86.730 -86.608 -85.444 -85.360 -86.620 -91.435 -86.646 -86.786 -87.339 -86.829 -87.212 -88.080 -86.728 -86.775
-86.083 -85.582 -86.167 -85.428 -86.678 -85.289 -90.648 -86.572 -86.521 -85.725 -86.693 -86.570 -85.413 -85.331 -86.581 -91.435 -86.618 -86.742 -87.281 -86.788 -87.152 -88.021 -86.703 -86.726
-86.036 -85.548 -86.123 -85.397 -86.630 -85.260 -90.644 -86.543 -86.497 -85.685 -86.658 -86.534 -85.382 -85.302 -86.545 -91.435 -86.590 -86.699 -87.223 -86.748 -87.093 -87.963 -86.676 -86.677
-85.988 -85.514 -86.080 -85.365 -86.586 -85.230 -90.640 -86.515 -86.473 -85.644 -86.620 -86.497 -85.351 -85.271 -86.510 -91.435 -86.561 -86.655 -87.165 -86.708 -87.035 -87.907 -86.647 -86.630
-85.940 -85.479 -86.037 -85.333 -86.541 -85.199 -90.638 -86.487 -86.448 -85.605 -86.583 -86.461 -85.318 -85.239 -86.473 -91.435 -86.531 -86.613 -87.108 -86.669 -86.980 -87.852 -86.617 -86.586
-85.893 -85.444 -85.994 -85.299 -86.498 -85.167 -90.637 -86.460 -86.422 -85.566 -86.546 -86.423 -85.284 -85.206 -86.436 -91.435 -86.501 -86.572 -87.053 -86.630 -86.929 -87.797 -86.587 -86.542
-85.847 -85.409 -85.953 -85.264 -86.453 -85.135 -90.636 -86.433 -86.396 -85.528 -86.512 -86.384 -85.250 -85.173 -86.397 -91.435 -86.470 -86.532 -87.002 -86.591 -86.881 -87.743 -86.557 -86.499
-85.802 -85.374 -85.913 -85.229 -86.405 -85.103 -90.636 -86.405 -86.370 -85.491 -86.478 -86.345 -85.214 -85.140 -86.358 -91.435 -86.440 -86.493 -86.953 -86.553 -86.833 -87.693 -86.525 -86.454
-85.758 -85.339 -85.872 -85.193 -86.356 -85.072 -90.635 -86.376 -86.344 -85.455 -86.441 -86.306 -85.179 -85.108 -86.318 -91.435 -86.409 -86.453 -86.904 -86.516 -86.783 -87.646 -86.494 -86.406
-85.715 -85.304 -85.832 -85.158 -86.307 -85.040 -90.635 -86.346 -86.318 -85.418 -86.403 -86.268 -85.144 -85.076 -86.280 -91.435 -86.379 -86.412 -86.855 -86.480 -86.731 -87.600 -86.463 -86.357
